  0.579999983       287.480011    
  0.697000027       288.500000    
  0.717000008       289.519989    
  0.764999986       290.040009    
  0.880999982       291.059998    
  0.898999989       292.079987    
  0.814000010       293.100006    
  0.708999991       294.149994    
  0.513999999       295.170013    
  0.338999987       296.190002    
  0.187000006       297.209991    
   0.00000000       297.209991    
   0.00000000       297.209991    
   0.00000000       297.209991    
  0.128999993       301.420013    
  0.250999987       302.459991    
  0.407000005       303.480011    
  0.485000014       304.500000    
  0.647000015       305.019989    
  0.875000000       306.040009    
   1.06299996       307.079987    
   1.15499997       308.100006    
   1.11199999       309.130005    
   1.01400006       310.170013    
  0.824999988       311.209991    
  0.629999995       312.250000    
  0.488000005       313.290009    
  0.375999987       314.350006    
  0.342000008       315.420013    
  0.335000008       316.459991    
  0.388000011       317.980011    
  0.550999999       318.019989    
  0.713000000       319.040009    
  0.795000017       320.059998    
  0.816999972       321.079987    
  0.782000005       322.100006    
  0.354999989       323.149994    
  0.250000000       324.149994    
  0.123999998       325.170013    
   2.30000000E-02   326.190002    
   0.00000000       326.190002    
   0.00000000       326.190002    
   0.00000000       326.190002    
   0.00000000       326.190002    
   0.00000000       326.190002    
   0.00000000       326.190002    
   5.90000004E-02   333.980011    
  0.223000005       334.019989    
  0.537000000       335.040009    
  0.680999994       336.079987    
  0.833000004       337.100006    
  0.885999978       338.130005    
  0.796999991       339.170013    
  0.616999984       340.209991    
  0.382999986       341.230011    
  0.169000000       342.269989    
   0.00000000       342.269989    
   0.00000000       342.269989    
   0.00000000       342.269989    
   0.00000000       342.269989    
   6.89999983E-02   347.019989    
  0.191000000       348.040009    
  0.268000007       349.059998    
  0.337000012       350.079987    
  0.375999987       351.100006    
  0.375000000       352.130005    
  0.319000006       353.149994    
  0.310999990       354.170013    
  0.172000006       355.190002    
   7.10000023E-02   356.209991    
   0.00000000       356.209991    
   0.00000000       356.209991    
   0.00000000       356.209991    
   0.00000000       356.209991    
   9.99999978E-03   361.959991    
  0.289000005       362.980011    
  0.391999990       363.000000    
  0.635999978       364.040009    
  0.908999979       365.059998    
   1.04299998       366.100006    
   1.09899998       367.130005    
   1.01900005       368.149994    
  0.873000026       369.190002    
  0.579999983       370.230011    
  0.282000005       371.250000    
   0.00000000       371.250000    
   0.00000000       371.250000    
   0.00000000       371.250000    
   3.40000018E-02   375.980011    
  0.114000000       376.019989    
  0.228000000       377.040009    
  0.352999985       378.059998    
  0.416000009       379.079987    
  0.425000012       380.100006    
  0.492000014       381.130005    
  0.428999990       382.130005    
  0.422500014       383.149994    
  0.412499994       384.170013    
  0.291000009       385.190002    
  0.170499995       386.209991    
   5.70000000E-02   387.209991    
   0.00000000       387.209991    
   0.00000000       387.209991    
   2.40000002E-02   390.959991    
  0.250499994       391.980011    
  0.335500002       392.000000    
  0.668500006       393.040009    
  0.888000011       394.059998    
   1.07700002       395.079987    
   1.08599997       396.130005    
   1.04799998       397.149994    
  0.817499995       398.170013    
  0.524500012       399.209991    
  0.194999993       400.230011    
   0.00000000       400.230011    
   0.00000000       400.230011    
   0.00000000       400.230011    
   0.00000000       400.230011    
  0.115999997       405.000000    
  0.224000007       406.040009    
  0.384999990       407.059998    
  0.479499996       408.079987    
  0.499000013       409.079987    
  0.583999991       410.100006    
  0.571500003       411.130005    
  0.574500024       412.130005    
  0.601499975       413.149994    
  0.471500009       414.170013    
  0.332500011       415.190002    
  0.194499999       416.190002    
   0.00000000       416.190002    
   0.00000000       416.190002    
  0.120999999       419.940002    
  0.394499987       420.980011    
  0.454499990       421.980011    
  0.693499982       422.019989    
  0.906000018       423.040009    
   1.05299997       424.079987    
   1.09099996       425.100006    
  0.930000007       426.130005    
  0.699999988       427.149994    
  0.449999988       428.170013    
  0.170000002       429.190002    
   0.00000000       429.190002    
   0.00000000       429.190002    
   0.00000000       429.190002    
   0.00000000       429.190002    
   0.00000000       429.190002    
   5.99999987E-02   435.000000    
  0.200000003       436.019989    
  0.280000001       437.040009    
  0.419999987       438.059998    
  0.430000007       439.079987    
  0.449999988       440.100006    
  0.479999989       441.630005    
  0.479999989       442.649994    
  0.449999988       443.670013    
  0.360000014       444.709991    
  0.200000003       445.730011    
   2.61564976E+12  0.400000006    
